=~=~=~=~=~=~=~=~=~=~=~= PuTTY log 2022.10.16 17:01:32 =~=~=~=~=~=~=~=~=~=~=~=
[0.06097561] 
[-0.06097561] 
[-0.12195122] 
[0.00000000] 
[0.12195122] 
[0.12195122] 
[0.00000000] 
[-0.06097561] 
[-64.32926941] 
[8.96341515] 
[4.32926846] 
[53.29268265] 
[-9.26829243] 
[-70.73171234] 
[6.21951246] 
[2.07317066] 
[-100.18292999] 
[10.91463470] 
[-35.73170853] 
[13.23170757] 
[0.06097561] 
[0.24390244] 
[-14.87804890] 
[84.87805176] 
[-1.82926834] 
[1.89024389] 
[-24.63414764] 
[12.50000000] 
[-4.87804890] 
[-0.24390244] 
[-2.43902445] 
[0.42682928] 
[-2.92682934] 
[36.70731735] 
[-182.68293762] 
[-17.98780441] 
[-96.52439117] 
[90.91463470] 
[1.46341467] 
[0.06097561] 
[0.06097561] 
[-0.18292683] 
[0.00000000] 
[